64
1751
1849
1977
2083
3158
3170
3522
4013
4086
5067
5214
5332
5520
6112
6124
6575
6620
6621
6734
6735
6736
6737
6738
6741
6742
6749
6750
6773
7222
7362
7539
7563
7564
7566
7570
7572
7581
7582
7585
7613
7892
8040
8393
8452
8876
9034
9260
9304
9533
9566
9611
11674
11820
11879
11987
12980
13121
13220
13444
13479
13636
13659
13705
14539
14785
14861
15087
15117
15352
15890
16089
16119
16316
16578
17343
17654
17657
17894
18322
18431
21795
23158
23629
24669
24707
24716
24721
24806
24865
25610
25873
26055
26526
26527
26642
26882
26959
27455
27488
27551
28689
29275
30113
30278
30693
30776
32130
32516
32596
32805
34044
34485
34890
35220
35608
36008
36485
36675
36813
37031
37036
37305
37334
37758
38199
38677
39022
39030
39158
39188
39680
40168
40902
42227
42281
42474
42943
42967
43282
43388
44092
44675
44764
44768
45106
45829
46324
46445
47023
47327
48503
49035
49091
49360
50557
51888
51949
52327
53757
54394
54828
55120
55553
57113
57298
57557
57631
57735
58248
59752
60414
61846
62049
62657
62765
63146
63720
64495
65150
65246
65756
68266
68336
69003
69338
69989
70116
70255
70267
70816
71336
71551
71562
71914
72072
74374
74387
74822
74935
75233
75247
75432
75586
75940
76363
76638
76700
76702
77724
78603
78989
79463
79480
79495
79565
83451
84111
85129
85367
85459
86056
86146
86372
86470
87135
87468
89670
89956
90497
91687
91872
92199
93484
94388
94915
94961
96678
96894
96899
97350
97357
97366
97710
98242
98259
98654
99166
100187
101539
102326
102487
103724
103744
103756
103836
103840
104712
104830
104833
104838
104856
104858
104941
104942
104944
104962
105000
105007
105011
105021
105045
105060
105063
105139
107794
109758
110676
110960
111131
112306
112554
114980
115229
115267
116000
117902
117976
119498
119555
120483
121425
121535
122109
122205
122215
122330
122335
122500
122812
122831
123454
123493
123520
123669
126631
127075
128469
128921
129280
133492
133839
134024
134879
135329
135602
136547
136634
137714
137767
138029
138790
138864
139297
139696
139850
140324
140393
141457
141623
142066
142618
142899
143030
143120
143207
144187
144456
144699
145060
146087
146236
146464
147262
147428
147536
148475
149161
151798
153970
153974
154191
154283
154481
154733
154990
154996
155695
156593
157129
157292
158083
159013
159385
159678
159867
161048
163295
163296
163303
163467
163705
163706
163719
163940
165320
166565
166925
167195
167234
167711
168420
168421
168748
168838
169669
170105
170170
170505
171155
174446
174711
175017
175524
175653
176141
177153
181924
182824
183091
183927
185594
186175
186807
186837
190816
191303
191750
191860
192034
192182
192212
192492
192701
192767
194247
194568
194681
195263
195682
196642
196767
196891
197274
197705
198212
198720
198884
199470
199619
200910
200985
201012
201299
201640
201718
201942
202276
202898
203038
203251
203445
204094
204777
204840
205966
206339
206385
207919
208395
208590
209259
209387
211155
212125
212307
213147
213281
213391
215049
215977
217201
217294
217459
217607
218465
218833
219314
219538
220414
220545
222559
222824
222925
222946
223942
224057
224234
225201
225323
226522
227098
228459
229657
229712
230081
230170
230245
230739
231114
232203
232355
233016
233112
233291
233395
233471
234183
234219
234232
234477
236869
238067
238384
238535
238686
239115
239733
240167
240969
242548
243531
244155
244412
244694
245027
246554
249350
249522
250112
251167
251464
251575
252270
252900
252948
253004
254114
254380
254496
254517
254944
255539
255987
256347
256818
257071
257243
257553
258527
258682
259092
259374
259453
260179
260686
260937
261869
262243
262268
262829
264129
264490
265104
265554
266406
267154
267321
267751
268384
268628
270430
270503
271030
271062
272379
273265
273643
273777
274633
274634
274968
275424
275657
276096
276524
277275
277624
278021
278567
278681
279658
281324
282864
282892
283386
283610
283614
283734
284588
284837
285751
285772
285871
287747
287933
288260
290917
291731
291816
292114
292147
292679
292989
294316
294552
294596
295024
295556
295726
295731
295746
296312
296318
297030
297040
298467
300105
301311
303130
304923
305188
305615
307361
307462
310052
310314
310647
310737
310973
311354
311521
311613
311889
312686
313422
313816
315535
315751
315887
316176
316470
321492
322192
322333
322750
323754
324461
324725
325414
325505
325703
326427
327175
327395
328985
329627
330915
331384
331633
331697
331926
333363
341266
341861
342146
343185
344526
344943
346275
346693
347109
348095
348381
349089
352489
352555
352726
353309
353365
353851
355144
355181
356033
356528
356980
357152
357583
358365
360415
360894
363211
363375
363464
363783
364514
364854
364889
365782
376774
377014
377426
379009
379048
379528
380097
380098
380674
381830
382193
383716
384380
386432
386726
387874
388205
388238
389038
390828
391002
391132
391144
391165
391853
392261
392770
393308
393387
394388
394973
395573
395958
396199
396771
397057
398310
398380
398918
400179
401318
401678
402181
403236
403364
403980
404074
404130
404326
405716
405811
407167
407420
409666
411016
411399
411648
412340
412645
412822
413190
414486
414641
415222
415986
417766
418626
419629
420008
420785
421804
423459
424131
434816
435219
435224
435427
437380
438162
438240
438832
441399
441823
445780
445840
445994
447750
447827
448320
448919
449021
449194
449633
449943
450347
450525
450715
450941
451510
451630
452132
454295
454333
454427
455327
455390
455432
456299
456413
456557
456594
456818
457452
459399
460413
464074
464735
465300
465499
466063
468615
469079
469388
470864
471646
472148
472236
473213
473604
473683
475178
475251
475275
476305
476587
476623
477008
477234
478424
478662
478682
479124
479505
479723
480138
480144
480468
481423
481562
481616
482498
482504
482745
483935
484005
484395
484428
484596
485173
485443
485725
486780
488020
488448
488617
489741
489935
490481
491328
491330
491591
491595
491668
491742
492150
492724
492863
493365
494958
495108
495307
495322
495473
495583
497108
497205
497491
498100
498298
498531
498557
499855
501024
501638
502284
502406
502589
503354
504389
505673
505843
505974
506469
506567
506902
507498
507737
508230
508326
511754
511776
512102
512817
513257
513669
513789
514158
514245
515527
515755
516640
516641
517358
517477
518987
519236
520753
521169
522109
522562
522606
524752
524758
524891
527163
527800
527895
528127
530287
532278
533547
534194
538415
541048
541201
541605
542014
542047
542179
542514
542829
546357
546451
547191
548497
549363
549777
550103
551044
551491
551525
551835
552216
552423
552538
554286
554805
555196
555366
555991
556268
557427
559722
560521
560615
561529
561728
561776
561777
562551
562729
562856
563522
564588
565125
565334
565655
565961
566353
566643
567196
567903
568741
571715
572156
572591
572955
573262
573464
574149
574308
574604
575665
575679
575729
575907
576077
576164
576242
576338
576414
576429
580772
580794
581848
582683
583054
583171
584171
584637
585256
586111
586691
587938
587945
588579
589152
589427
590275
590436
590494
591365
592251
593144
593676
593720
594351
595063
596050
596114
596340
597816
598034
598475
598588
599535
599670
599740
599868
604872
604982
605150
608037
608140
608343
608419
609059
609061
610120
610442
610604
611048
612516
614034
614684
615418
615614
615938
618480
619006
620625
621004
621598
626195
626632
627485
628456
628864
630400
630722
632596
632848
634665
634843
634983
636510
637319
640030
640835
640954
642578
642784
648002
648756
648856
648990
648992
649067
649345
649446
649585
649601
651613
652027
652569
655559
655766
655986
656579
656683
657081
657142
658644
659341
659578
659767
660338
661190
662028
662326
662425
662683
662719
662875
662911
663627
664910
665293
666107
667674
668293
668831
669033
669206
669398
670304
670545
670767
671385
676345
678669
679748
680971
681451
681768
681816
682665
683156
683279
683829
684052
684340
684405
684757
685215
685461
685608
685917
686264
686324
686822
686972
687191
687427
688009
688228
690450
690465
691388
691389
692000
692627
693210
694531
694848
695432
695560
696152
696340
696917
696957
697014
697264
697365
698737
698797
698854
698968
699481
699663
699840
701279
702483
702675
702691
703356
703864
704089
704140
704685
705206
705219
705658
706154
706536
707334
710275
710901
711559
711654
711666
712693
712794
712839
713041
713230
713231
713310
713740
716025
716392
718063
718893
719136
719398
719567
720866
720979
721373
722428
722615
722693
723832
725190
725365
725600
726857
727843
728389
731015
731483
732491
732836
734862
735672
736679
737047
738522
739189
739248
741367
742838
742959
743351
747006
747338
749906
749956
750235
750491
751999
752059
752134
753103
754186
754285
756349
757139
757152
757182
758890
759801
760314
760574
761004
761093
761095
761098
761100
761101
761108
761109
761110
761111
761120
761128
761139
761140
761141
761154
761155
761161
761268
761277
761973
762434
763031
763884
763886
764013
764302
764674
764703
764714
764817
764822
764841
764918
764942
764995
765140
765150
765171
765230
765462
765609
766148
766197
766303
766645
766955
767368
767414
767570
767599
767670
768464
770131
770420
770915
771422
772018
773115
773497
774065
775592
775639
776100
776182
776312
777000
777741
778656
779615
779630
779765
780630
781301
781395
781687
781821
781822
782148
782460
782595
782634
783078
783601
784778
786965
787318
788882
789047
789146
789295
789481
791249
791383
792312
793107
793311
794565
794567
795779
795920
796076
797736
798236
798355
798442
798620
798915
799293
799666
799843
801132
801268
801435
801607
802034
805344
805869
806172
806877
806909
807445
809762
810005
810027
811727
811753
812031
812911
813948
816122
818868
819271
819648
819831
820483
820752
821889
822097
822809
823935
824941
825655
826717
826756
828188
829698
829754
829781
829828
833817
835088
835611
841764
842030
842197
842266
843474
843885
843909
844095
844909
845178
845697
847995
850046
851033
851611
851844
852830
852910
852948
852953
852970
853314
853391
854025
854588
854604
855199
855620
857696
858291
859034
859112
859183
859770
859845
859927
859992
860210
860401
860688
861216
861284
861878
863698
863977
864184
864799
866051
866973
867099
868663
871729
872155
874593
874773
874787
875131
875311
875446
875734
876141
876918
878070
878728
878934
880562
881105
882257
882645
884056
884408
885289
885533
886115
886281
886661
886761
888647
889027
891756
892272
892416
892890
893733
895164
895996
896509
897196
897358
898012
898608
898791
900221
902485
903537
903550
903892
903913
904714
904787
905376
906857
907046
907106
907395
908041
908186
908521
909166
909353
909666
909742
909809
910003
910518
911130
911800
913562
915709
916718
917596
917732
919034
919351
921813
923597
923611
931123
932074
932100
932280
933558
933836
934047
934230
934536
934611
935094
935380
935450
935660
937990
938231
938240
938302
939611
940021
940602
940748
941722
941845
942628
942754
943610
944348
945214
945238
945414
945585
945877
945949
949535
950357
950885
951702
952434
952487
953287
954101
954133
954468
954508
954846
955074
955127
955382
955524
955896
956895
957117
957310
958076
958898
959438
960367
960660
962116
962136
963147
963964
965815
965901
966104
966632
970400
972040
972980
973101
974642
975932
979704
981394
982617
983703
985299
986463
986773
987022
988005
988006
988604
988638
989185
989312
989538
990001
990146
990845
991896
991950
992646
993346
993352
993723
994382
994648
996205
996315
996346
997567
998108
1000473
1000798
1001256
1001335
1002633
1004015
1007426
1008749
1008750
1011215
1011511
1013229
1013783
1015104
1016218
1016736
1017159
1017217
1018041
1018384
1019662
1021776
1021813
1022003
1022342
1023467
1023756
1023814
1023883
1024203
1024346
1025106
1027543
1027665
1029698
1030058
1030418
1030436
1031130
1032094
1032639
1032645
1033541
1033625
1034104
1034758
1035426
1036583
1036910
1037012
1037911
1038807
1039266
1039410
1039597
1040034
1040251
1040358
1040714
1040715
1040716
1041272
1042358
1043059
1044003
1044027
1044059
1045342
1046422
1046620
1046873
1047165
1047475
1047873
1049073
1049546
1050945
1050996
1052929
1053912
1054625
1054784
1057293
1057821
1058943
1059643
1061083
1061403
1063074
1063264
1063472
1065739
1065793
1066921
1067267
1067644
1068151
1068280
1068432
1068960
1069605
1070702
1071493
1071966
1072443
1072850
1074558
1075279
1075919
1076309
1076547
1076647
1076689
1076880
1077312
1077626
1077674
1079697
1079927
1080106
1080121
1080192
1080441
1081371
1081681
1083185
1083996
1084091
1084899
1084911
1085561
1086240
1086532
1087193
1087197
1088005
1088600
1090329
1093406
1093650
1094110
1094228
1094375
1094734
1094915
1096470
1096567
1096633
1097220
1097442
1098523
1098824
1099058
1099142
1099560
1099769
1100234
1101317
1101904
1101976
1102117
1102468
1102646
1102914
1103431
1103557
1103656
1103871
1103941
1104616
1104690
1104745
1104773
1105082
1105346
1105625
1105738
1105936
1106422
1106614
1106838
1107577
1107586
1107704
1107940
1108322
1108479
1108521
1108874
1109128
1109863
1109975
1110390
1111678
1112392
1113067
1113504
1114060
1117510
1118192
1118967
1123658
1123868
1124058
1124704
1124926
1126889
1127389
1127493
1127648
1128074
1128698
1128814
1128825
1128883
1128915
1128935
1129079
1129124
1129128
1129160
1129165
1129832
1130195
1132368
1133472
1135101
1136007
1136702
1137518
1140565
1141362
1141491
1142478
1142627
1142655
1143997
1144585
1145736
1145848
1145941
1146202
1148259
1148482
1148930
1149316
1149551
1150585
1151054
1151074
1151304
1151870
1152701
1153254
1154618
1154646
1155884
1160770
1161010
1161026
1161217
1161296
1163642
1164336
1164488
1165817
1166123
1166783
1167186
1167858
1167975
1168776
1170699
1171094
1171721
1171917
1172085
1172587
1173597
1173750
1174114
1174117
1174655
1175343
1176815
1178116
1178332
1178466
1178666
1178892
1179069
1179922
1180874
1181079
1181405
1181495
1183297
1184886
1185154
1185836
1186004
1187403
1190472
1190566
1192243
1192881
1193339
1194351
1195570
1196161
1197157
1197567
1197643
1198594
1198656
1199128
1199611
1199618
1199938
1199998
1200316
1200418
1200896
1201046
1201565
1201581
1202113
1202643
1203693
1205150
1206466
1207163
1207944
1208181
1210828
1210829
1211369
1214125
1215386
1215742
1215743
1219683
1219871
1220460
1220680
1221929
1224367
1225361
1226091
1226704
1227017
1227715
1227830
1228027
1230159
1230778
1232752
1233204
1233342
1233631
1234971
1235400
1237480
1237818
1238483
1239187
1239849
1240164
1241386
1242004
1242357
1243224
1243645
1243654
1245364
1245380
1246080
1246332
1246500
1246696
1247743
1248382
1248936
1248978
1249019
1249360
1250340
1251199
1252164
1252846
1253073
1253330
1254056
1254562
1255814
1257452
1258815
1259241
1259629
1260012
1264368
1265070
1267104
1267597
1267906
1269432
1271818
1272748
1272899
1272904
1273133
1273756
1274836
1275230
1275375
1275957
1276046
1276232
1276255
1276321
1276322
1276392
1276432
1276453
1276569
1276588
1276689
1276842
1276853
1276938
1277730
1277731
1279648
1279968
1280355
1280639
1281105
1281118
1281771
1281882
1282687
1285001
1286766
1286904
1287306
1287805
1288698
1289514
1290692
1290838
1292102
1292724
1292969
1293333
1293525
1295164
1295540
1296265
1296834
1297318
1297396
1301002
1301739
1303312
1304703
1305779
1306232
1306259
1306622
1306802
1307598
1309499
1309585
1309984
1312065
1313182
1313338
1315191
1315510
1315884
1316193
1316301
1317650
1317655
1320052
1321895
1322741
1324180
1324953
1327367
1327890
1328323
1328397
1328492
1328687
1329234
1330125
1330637
1330641
1330793
1332174
1332806
1333669
1334099
1334603
1336164
1336188
1337647
1338363
1340578
1340595
1340657
1340667
1340688
1341023
1341029
1341044
1341064
1341099
1341114
1341120
1341148
1341152
1341295
1341344
1346669
1347387
1348032
1349213
1349375
1349733
1349808
1350389
1351172
1351407
1351440
1352260
1352972
1353299
1353462
1355645
1356413
1357971
1358237
1358345
1358515
1359456
1360209
1360776
1361190
1361285
1362006
1363397
1364396
1364706
1364802
1365452
1366024
1366594
1367484
1367889
1368091
1368313
1368534
1368640
1369058
1369225
1369493
1370508
1370852
1371567
1372152
1373440
1374065
1374073
1374201
1374685
1374694
1375044
1375596
1375724
1377053
1377766
1379105
1379389
1381663
1382555
1382628
1383046
1383819
1383981
1388413
1389506
1389522
1390194
1390282
1390763
1393626
1393926
1393984
1394032
1394221
1396182
1396553
1396922
1397205
1397709
1397969
1398648
1399526
1402192
1403575
1403926
1405701
1406145
1406828
1408774
1409144
1409474
1410310
1411210
1411346
1413148
1413216
1414021
1414483
1416322
1416410
1416702
1416977
1417019
1417480
1419537
1419658
1420984
1425724
1425743
1426031
1428084
1428406
1429734
1430659
1431097
1431465
1431689
1431691
1433314
1433405
1438821
1438922
1439616
1440469
1441423
1441426
1441669
1441803
1443488
1443607
1445516
1445748
1445781
1446635
1446733
1447957
1448202
1448381
1448386
1451405
1453109
1455780
1455821
1456440
1456847
1457144
1457328
1458287
1458510
1458615
1459550
1459660
1461251
1461811
1462123
1462302
1464070
1466952
1468061
1470240
1470486
1471659
1471851
1472337
1472358
1472359
1472362
1472750
1472751
1472752
1473079
1473094
1473246
1473247
1473327
1473329
1473908
1475785
1475956
1476471
1477522
1477596
1477818
1478312
1479085
1479424
1480868
1480972
1481337
1482185
1482627
1482868
1483729
1483814
1484285
1484308
1484708
1486190
1486264
1487168
1487796
1488114
1488115
1490804
1490905
1491275
1492516
1494237
1495358
1495962
1496408
1496659
1496780
1497267
1498920
1498951
1499274
1499590
1500626
1501118
1501468
1501700
1501716
1502120
1502940
1503968
1506726
1506803
1507141
1507656
1509784
1510270
1511460
1512360
1512684
1514118
1516145
1516224
1519245
1519502
1519755
1520685
1520812
1521696
1521989
1522506
1523226
1523276
1523399
1523817
1524431
1524746
1525289
1526311
1526410
1526819
1527410
1528293
1528406
1528771
1529728
1529729
1529761
1530078
1535007
1535129
1535449
1536011
1536251
1539606
1539914
1540141
1540352
1540800
1541442
1541798
1544220
1544255
1544684
1545232
1545238
1545712
1545782
1545881
1546703
1547125
1547909
1548443
1548780
1551392
1551763
1552514
1552536
1552547
1553380
1553891
1554380
1554418
1554733
1556010
1556787
1556998
1557315
1557405
1557605
1558159
1558174
1561029
1561342
1563717
1565158
1565566
1566403
1566863
1567488
1567524
1568419
1569341
1569485
1570491
1570566
1571153
1574830
1576481
1576527
1576675
1576837
1576905
1577063
1577241
1577599
1578692
1578856
1581475
1581954
1581957
1582218
1582249
1582496
1582628
1583573
1584762
1586348
1586408
1587031
1588070
1588899
1589333
1589597
1589613
1591719
1591820
1592543
1593331
1594838
1594870
1594906
1595342
1595662
1596445
1596611
1598297
1599124
1599903
1600039
1600227
1601344
1601575
1602431
1603175
1603405
1603411
1604699
1606248
1608258
1608276
1609840
1611765
1612621
1612624
1612648
1613035
1613178
1613270
1613630
1615354
1615456
1616061
1617302
1617864
1619962
1620181
1620698
1621598
1622444
1622580
1622777
1624135
1624791
1625234
1625968
1626377
1626633
1626655
1626789
1626895
1627351
1627860
1630148
1634633
1634636
1638235
1638238
1638364
1639594
1643250
1643864
1643897
1645193
1645802
1646228
1647022
1647340
1647436
1648559
1649558
1650072
1650473
1651308
1651706
1653509
1654730
1656773
1657009
1657093
1657139
1657249
1657942
1658793
1659034
1659296
1659662
1659747
1660883
1661279
1662512
1664681
1667949
1668082
1668084
1668957
1669158
1670803
1672323
1673338
1673423
1673424
1673425
1673432
1674048
1674434
1674481
1674492
1674520
1674782
1674816
1675193
1676290
1676991
1677219
1677231
1677986
1678158
1678706
1678944
1679603
1680047
1681595
1682176
1683052
1683865
1684184
1684626
1684795
1685409
1685495
1686186
1686299
1688064
1688300
1689349
1689472
1689708
1690284
1690715
1690884
1690908
1692005
1692141
1692159
1693561
1693895
1694766
1695037
1695796
1696953
1697387
1697896
1698911
1699849
1701215
1701684
1703555
1704762
1705575
1706119
1706685
1706782
1707312
1708690
1709432
1710601
1711386
1711670
1711789
1712549
1712578
1712593
1713136
1713192
1713349
1715165
1716472
1717314
1717677
1718152
1718471
1719181
1719757
1720081
1720977
1721194
1721273
1721667
1722200
1722228
1722592
1723663
1726555
1726627
1727460
1727575
1728281
1728551
1728603
1728837
1731055
1731264
1731293
1731712
1733013
1733134
1733325
1733466
1733556
1733680
1734468
1735584
1735920
1737259
1737282
1737558
1737911
1738020
1739559
1740278
1741291
1741352
1743683
1744020
1746113
1746512
1750386
1753483
1754132
1754459
1754817
1755699
1757274
1758438
1758588
1758702
1758771
1759155
1759252
1760292
1760490
1760688
1761148
1761181
1761512
1762175
1762216
1765904
1766344
1768515
1769266
1770707
1770945
1772457
1774009
1774048
1774051
1774659
1774977
1776680
1776740
1778260
1778430
1779279
1789446
1789516
1789564
1789565
1789650
1789654
1789671
1789735
1789746
1789795
1789798
1789894
1790479
1791875
1792033
1792777
1792778
1793187
1794075
1795834
1796540
1796873
1797206
1798355
1799921
1800456
1801893
1803265
1804079
1804409
1808545
1808857
1810677
1811375
1811806
1812155
1812566
1815069
1815329
1815410
1816587
1816696
1816848
1817213
1817976
1818577
1818804
1821213
1821567
1822912
1823378
1823778
1826025
1826730
1828320
1828737
1829423
1829557
1829974
1831220
1831226
1831288
1832804
1833540
1833554
1833568
1833909
1834169
1834177
1834325
1834776
1834859
1834912
1834916
1836222
1836286
1837604
1837923
1838646
1839384
1839759
1840496
1840901
1843620
1843786
1844087
1844339
1846335
1847660
1847919
1848058
1848379
1849051
1849609
1849934
1850119
1851524
1852804
1853001
1854169
1854300
1854647
1855190
1855762
1856777
1858622
1859559
1865665
1866036
1869968
1875544
1875965
1876976
1877744
1877831
1881090
1881232
1882064
1882112
1882180
1883238
1884305
1885037
1885042
1885385
1885772
1886155
1886995
1887060
1887249
1888373
1888937
1890362
1891319
1891388
1891527
1892017
1892228
1892315
1893874
1894422
1895109
1896710
1896777
1897608
1897733
1899817
1899948
1900781
1901106
1901146
1901493
1902337
1905498
1906078
1906593
1906727
1907296
1907297
1908299
1911407
1911722
1912223
1912491
1912736
1912829
1913056
1913592
1913702
1914779
1915051
1916137
1917506
1917946
1917972
1917979
1917991
1918003
1918139
1918144
1918211
1918281
1918292
1918322
1918388
1918487
1918489
1918494
1918651
1918790
1918842
1919567
1921700
1922509
1923736
1924008
1924161
1925696
1926632
1927222
1928544
1928563
1928568
1928573
1929653
1929888
1930555
1930750
1930895
1931179
1933988
1934182
1934394
1934788
1935437
1936882
1938730
1940291
1940356
1940549
1941250
1941826
1941837
1942002
1942636
1943043
1943873
1943997
1944107
1944402
1945100
1945340
1945711
1945950
1946132
1946205
1946999
1947282
1947325
1947833
1947977
1949889
1950013
1950417
1950767
1951268
1951466
1951662
1952304
1953142
1954427
1954504
1954529
1954655
1955382
1955642
1955941
1956020
1956185
1957007
1957733
1958714
1959480
1959959
1960284
1960691
1960823
1961735
1962219
1963923
1964010
1964472
1965811
1966463
1966742
1966805
1967026
1967033
1967237
1967265
1967543
1968190
1968379
1969275
1970117
1971601
1971725
1972331
1977640
1978783
1979783
1980241
1980652
1981416
1986492
1996099
2000234
2003105
2003827
2004869
2004893
2006645
2006793
2007322
2007688
2007813
2008204
2009681
2009848
2010614
2011123
2011314
2011771
2014470
2016105
2017386
2019389
2020075
2022868
2023028
2023093
2023628
2024016
2029745
2030355
2030848
2031034
2031675
2033367
2034070
2034486
2035018
2035463
2035677
2035771
2036272
2037015
2037809
2041588
2041755
2041882
2044884
2047282
2047864
2049673
2052900
2053454
2053487
2053560
2053561
2053682
2053726
2053762
2053987
2055271
2056255
2056292
2056377
2056896
2057239
2057434
2057703
2057709
2057774
2059529
2062693
2062735
2062937
2064271
2065645
2067362
2067372
2067684
2067685
2069771
2069911
2070160
2070165
2070237
2070541
2070692
2070739
2071522
2072313
2072487
2072537
2072679
2073536
2073946
2074376
2074514
2074522
2074754
2074909
2075145
2075208
2075357
2075991
2076038
2076209
2078246
2078277
2078312
2078585
2078967
2079193
2080483
2081087
2081724
2081921
2082053
2082381
2082466
2082879
2085226
2086408
2086672
2087847
2091054
2092155
2092218
2092451
2092566
2093991
2095716
2095908
2095946
2096186
2096585
2097270
2097361
2097850
2097940
2098949
2099129
2100108
2100414
2101193
2101921
2102218
2102240
2102715
2102990
2104140
2105102
2105399
2106301
2106561
2107264
2107434
2108141
2108890
2108954
2110135
2111284
2111710
2112832
2114573
2115075
2115080
2116141
2116903
2117257
2118646
2118956
2119455
2120079
2120319
2122395
2122795
2122976
2123169
2124135
2124911
2127011
2127287
2127778
2128289
2128870
2130469
2130568
2131267
2131917
2132334
2132404
2132640
2132821
2133152
2133475
2133649
2134179
2134258
2134782
2135154
2135870
2136837
2138436
2138453
2138730
2139748
2140076
2140256
2140585
2141368
2141530
2141616
2141669
2142033
2142238
2142266
2142602
2143328
2143523
2143732
2144108
2145157
2145557
2146355
2147022
2147100
2148081
2148320
2149384
2149762
2150642
2150797
2150798
2151222
2151600
2151756
2152168
2153742
2154724
2155109
2155167
2155168
2155169
2155206
2155212
2155214
2155222
2155289
2155503
2155541
2155699
2156127
2156402
2156552
2156983
2157261
2157481
2157569
2157800
2158109
2159622
2160461
2160668
2160990
2160998
2161902
2170914
2171200
2171805
2172380
2172964
2173860
2174193
2174780
2175268
2175739
2175820
2176440
2177366
2178583
2178823
2179060
2179825
2181393
2181505
2181530
2182187
2184402
2184601
2185009
2185674
2185884
2186114
2187030
2187235
2187270
2187278
2187306
2187315
2187587
2187756
2190286
2190485
2190697
2190733
2191192
2191498
2192757
2193886
2195576
2195641
2195864
2196715
2196819
2196837
2196964
2197065
2197221
2197230
2197237
2197239
2197248
2197278
2197287
2197290
2197293
2197313
2197371
2197921
2198515
2198786
2199052
2199204
2199958
2201114
2201331
2201808
2202500
2204345
2204411
2204949
2205550
2206271
2207286
2207472
2208493
2208785
2209121
2209465
2209526
2210745
2211210
2211826
2212028
2213532
2215208
2216162
2216360
2216443
2216485
2216668
2216963
2217278
2217843
2217871
2218766
2219656
2220512
2221584
2223014
2223293
2223896
2223902
2224932
2225365
2226037
2228790
2228967
2229801
2230045
2230437
2230944
2232318
2232700
2233124
2234182
2235087
2235800
2238371
2238918
2239885
2239897
2240152
2241010
2241091
2241840
2242450
2244421
2244688
2244857
2244957
2245864
2245916
2246340
2247379
2247677
2248242
2249134
2251313
2251605
2251872
2251999
2252486
2252531
2253282
2254230
2255284
2255482
2255621
2256002
2256134
2258733
2259529
2259816
2259964
2260100
2260525
2261695
2264341
2264372
2264782
2265059
2265891
2267015
2267090
2267125
2267667
2268433
2268560
2268627
2268662
2269545
2269780
2270102
2270511
2271244
2271564
2271832
2272676
2272792
2273012
2273728
2274673
2274772
2278544
2279152
2279228
2279314
2279399
2279619
2280081
2280430
2281529
2282787
2283191
2283528
2283649
2283672
2283680
2284326
2284652
2284866
2285003
2285041
2285251
2287121
2287322
2287475
2287590
2288085
2288683
2288697
2288703
2288704
2288718
2288719
2288727
2288730
2288740
2288752
2288754
2288757
2288761
2288764
2288766
2288772
2288778
2288779
2288782
2288790
2288805
2288806
2288817
2288818
2288820
2288821
2288823
2288826
2288827
2288828
2288830
2288832
2288833
2288836
2288838
2288839
2288841
2288844
2288847
2288848
2288853
2288857
2288859
2288868
2288869
2288874
2288880
2288883
2288885
2288886
2288887
2288895
2288902
2288920
2288928
2288930
2288931
2288933
2288934
2288935
2288938
2288944
2288945
2288952
2288953
2288954
2288955
2288956
2288957
2288960
2288961
2288962
2288971
2288982
2288988
2288997
2288998
2289000
2289001
2289016
2289028
2289029
2289030
2289031
2289036
2289038
2289039
2289040
2289043
2289047
2289050
2289052
2289054
2289057
2289061
2289068
2289070
2289071
2289072
2289073
2289081
2289082
2289089
2289090
2289091
2289096
2289097
2289100
2289103
2289104
2289108
2289111
2289133
2289138
2289140
2289150
2289159
2289162
2289171
2289180
2289186
2289193
2289200
2289201
2289202
2289203
2289204
2289206
2289207
2289208
2289213
2289214
2289216
2289218
2289219
2289220
2289222
2289223
2289225
2289231
2289234
2289235
2289239
2289240
2289248
2289252
2290567
2290693
2290732
2291161
2291223
2291643
2293231
2293786
2293893
2294007
2294360
2295518
2295685
2295692
2296042
2296181
2298095
2298194
2300237
2300546
2300552
2300555
2300972
2300990
2300992
2300999
2301007
2301008
2301021
2301023
2301026
2302033
2304145
2304238
2305120
2306306
2306504
2307050
2310984
2311099
2311913
2312000
2312717
2312945
2314234
2314689
2315386
2315726
2315981
2316123
2316978
2317007
2317239
2317537
2317555
2317637
2318206
2318496
2318725
2318787
2318825
2320320
2321369
2321609
2321975
2322000
2322061
2322754
2322770
2322797
2323563
2325145
2325895
2326151
2326240
2326293
2326503
2328543
2329533
2330097
2330426
2330860
2331620
2331789
2332342
2333587
2334007
2335028
2335075
2335494
2335638
2335801
2335996
2336125
2336129
2336130
2336641
2336795
2337179
2337308
2338810
2338811
2339255
2339835
2340621
2341636
2342270
2342626
2342655
2344246
2344499
2344942
2345037
2346021
2346226
2346318
2346626
2346859
2347100
2348262
2348446
2348945
2350126
2351588
2352041
2352046
2354660
2354791
2355059
2356450
2358404
2358484
2358525
2358867
2360859
2361487
2361579
2361604
2361691
2362041
2364475
2364766
2366768
2366784
2367031
2367670
2369186
2369326
2372831
2372979
2374005
2375342
2375691
2376100
2376135
2379076
2379115
2381029
2382776
2383160
2384022
2384452
2384784
2386283
2386389
2386859
2387089
2388392
2388641
2389269
2389879
2390616
2390842
2391991
2392289
2392386
2392582
2394554
2397216
2398709
2398929
2399734
2402333
2404888
2407059
2407510
2408388
2411496
2411730
2412671
2413246
2413358
2415137
2415656
2416405
2416933
2419664
2419707
2420364
2421816
2422061
2422231
2422567
2424925
2425471
2427153
2427780
2428517
2429689
2431471
2431512
2432565
2433276
2433664
2434771
2435925
2436886
2437470
2439204
2439955
2440926
2441637
2442230
2442291
2442468
2444099
2445620
2446489
2446764
2446873
2448043
2448137
2448458
2448481
2448890
2449685
2451700
2451701
2451844
2452778
2452816
2453147
2453426
2454633
2458240
2459117
2459673
2460254
2460927
2461333
2461334
2461335
2461337
2461338
2462685
2462871
2464140
2465564
2466736
2466954
2468180
2468491
2468543
2469561
2469691
2469990
2470591
2471094
2471686
2472090
2472284
2472610
2474686
2474769
2475100
2478105
2479539
2479912
2480126
2480424
2480429
2480628
2483258
2483868
2485669
2485989
2486480
2487024
2490959
2491026
2491597
2491794
2493002
2494175
2494663
2494878
2497189
2498825
2499726
2500964
2501308
2501751
2502324
2502910
2503182
2503831
2504059
2504968
2505085
2507451
2509140
2509721
2509722
2510350
2510422
2511084
2512430
2513645
2515228
2516567
2516730
2517129
2517160
2518919
2518980
2519291
2520618
2521342
2521428
2522255
2522629
2522955
2523869
2526229
2526974
2527575
2528005
2528192
2528944
2529128
2529680
2529791
2531265
2531482
2531742
2531964
2532123
2532616
2532951
2532998
2533071
2533377
2535372
2535432
2536139
2536279
2536599
2536892
2538127
2540387
2540678
2540742
2540885
2541111
2541952
2542186
2542233
2542304
2542577
2542760
2542767
2543289
2543395
2543685
2544135
2544971
2546684
2546710
2546731
2547025
2547213
2548334
2548639
2548700
2551692
2552826
2552878
2553121
2554893
2556297
2556543
2556684
2558374
2559059
2559355
2559601
2559906
2561917
2562644
2563335
2563495
2563956
2564074
2565949
2566697
2566768
2567567
2569288
2569471
2569739
2570696
2571015
2571298
2571543
2572063
2572340
2573756
2573793
2574046
2575455
2576272
2576427
2576475
2576524
2576924
2578626
2579048
2579914
2581052
2582071
2582122
2582980
2583011
2583880
2584151
2584903
2586076
2586127
2586925
2587137
2587928
2588069
2588850
2589036
2589216
2589354
2589643
2589661
2590489
2591484
2591651
2591829
2592310
2592437
2593500
2594371
2594814
2594986
2595142
2596089
2596693
2597214
2598154
2598400
2599825
2600080
2600260
2602454
2603149
2603334
2603515
2604740
2604977
2605517
2606049
2606176
2607262
2607546
2608117
2608677
2609013
2609847
2610058
2610381
2610704
2610989
2611488
2612256
2612364
2612632
2613117
2614232
2615118
2615581
2616414
2616565
2616866
2619068
2619271
2619799
2622237
2622402
2622600
2622854
2623778
2625279
2625924
2626004
2626011
2626018
2626026
2626030
2626134
2626149
2626155
2626394
2626397
2626400
2626513
2626514
2626600
2626678
2626948
2627618
2627899
2627946
2628136
2628523
2629437
2629847
2630700
2630740
2631169
2631371
2631374
2631789
2632778
2634282
2637162
2637193
2637541
2640807
2641317
2642371
2642383
2644643
2645837
2647479
2647905
2649228
2651281
2651672
2652384
2656193
2656225
2657918
2658645
2659401
2660319
2661634
2662243
2662265
2662473
2662802
2663236
2663795
2666174
2667181
2667411
2667517
2667846
2668467
2668985
2669349
2670972
2673818
2674072
2675439
2675841
2676056
2676160
2676210
2677876
2678523
2678835
2679159
2680491
2680531
2680658
2681211
2682797
2684857
2687968
2688995
2689642
2690616
2691800
2692040
2692100
2692134
2694198
2694264
2694560
2694615
2694722
2695378
2697089
2697489
2698373
2698740
2699402
2699434
2700319
2700872
2701307
2701957
2702362
2703238
2704886
2705720
2707156
2707309
2707319
2708450
2709660
2710810
2711572
2711722
2712865
2713795
2714846
2715051
2715342
2715344
2715346
2716083
2718852
2719662
2719731
2720094
2720147
2720311
2721874
2721983
2722432
2723062
2723506
2724503
2726105
2726112
2726136
2726145
2726811
2728090
2728166
2729058
2729408
2731210
2731351
2731635
2731872
2732695
2733166
2733749
2733931
2734074
2735847
2736158
2737530
2737572
2737699
2737882
2737966
2738092
2738166
2738274
2739546
2740293
2740445
2740452
2740693
2741209
2741959
2741969
2746747
2747141
2747167
2747306
2747471
2747480
2747504
2747892
2747926
2748683
2751094
2751677
2751764
2751804
2751866
2752122
2752132
2752262
2752698
2755565
2756192
2756332
2757836
2758556
2758831
2758877
2760152
2761215
2761513
2762692
2764175
2764401
2767800
2769035
2769203
2771015
2771735
2773245
2773270
2773710
2774342
2774555
2775361
2775990
2776171
2776571
2777043
2779101
2779136
2780355
2780415
2781263
2781346
2781839
2782425
2784155
2786834
2786952
2789798
2791098
2791363
2792887
2792892
2793111
2793245
2793810
2794062
2794071
2798200
2800087
2800460
2800623
2807486
2808452
2809426
2809621
2809633
2809987
2810486
2810507
2810733
2811231
2812851
2813027
2813266
2813696
2816135
2817269
2817502
2818449
2818837
2819341
2820436
2820608
2821342
2821572
2821709
2822367
2822461
2822981
2823375
2823907
2824449
2824487
2825466
2825581
2827984
2828019
2830525
2830702
2831106
2831264
2831482
2831663
2832600
2832701
2833329
2833503
2835603
2837357
2837551
2838897
2839035
2839985
2840109
2841022
2841797
2842637
2842880
2843460
2844573
2845445
2846275
2846569
2846910
2847281
2847935
2849708
2850050
2850592
2850631
2852414
2852598
2852664
2852811
2853059
2854785
2855250
2855259
2855280
2855376
2856858
2858068
2859133
2859160
2861750
2862708
2863828
2864903
2865760
2865882
2866125
2866217
2866551
2866569
2866607
2866647
2866671
2866677
2866863
2866876
2866880
2866882
2867088
2867207
2867230
2867231
2867236
2867240
2867245
2867251
2867254
2867263
2867298
2867347
2867401
2867405
2867532
2867536
2867538
2867552
2867575
2867594
2867693
2867756
2868221
2868715
2869016
2870398
2871269
2871497
2871885
2872702
2873281
2873284
2874344
2875136
2875883
2876141
2876849
2876921
2876938
2877508
2877558
2877992
2878550
2880667
2880702
2881358
2881382
2881527
2881542
2881680
2881974
2883217
2883389
2884068
2886134
2886356
2886570
2886778
2887047
2887286
2887398
2887730
2888201
2888647
2888827
2889633
2889841
2891267
2891274
2891379
2891728
2892388
2892847
2892848
2894208
2894787
2894958
2894963
2895689
2895855
2898522
2898717
2898926
2899484
2899989
2900308
2900443
2900583
2901351
2901957
2903439
2903643
2904110
2906068
2906087
2906347
2907524
2908252
2908357
2909336
2909386
2910406
2910427
2910461
2910993
2911293
2911405
2911616
2912294
2913777
2913918
2915568
2915934
2916261
2917542
2918267
2918344
2919381
2921221
2921374
2923391
2924773
2924803
2925962
2926115
2926173
2926695
2927389
2927939
2928883
2929205
2929228
2930562
2931137
2932201
2932508
2933176
2933181
2936944
2938069
2939177
2939373
2939577
2939657
2939716
2940461
2940562
2940608
2940870
2940930
2941161
2941179
2942900
2943130
2946550
2947645
2947988
2948005
2948096
2948230
2948515
2949681
2951147
2952471
2953219
2954197
2954435
2954439
2954475
2955135
2955151
2955202
2955233
2955305
2955310
2955343
2955778
2955892
2955957
2956731
2957647
2957800
2958119
2958586
2959243
2959642
2962633
2963191
2963524
2964065
2964454
2964645
2964867
2965506
2966390
2968452
2968836
2969197
2969692
2969769
2970074
2971910
2972040
2973736
2973794
2976562
2976564
2976565
2976575
2976582
2979388
2979542
2980861
2981119
2982557
2982829
2984740
2984803
2984903
2984941
2986046
2986075
2986202
2986250
2986827
2986928
2987114
2988630
2989959
2990691
2991300
2991536
2992031
2992572
2993078
2994187
2995916
2997336
2997662
2998574
3000401
3001498
3001904
3002135
3003115
3003239
3004553
3005014
3005185
3005412
3007221
3008697
3009692
3009834
3010420
3010993
3012950
3014343
3015082
3015187
3015439
3015852
3016994
3017392
3017465
3017534
3017587
3018212
3018254
3019992
3020635
3021283
3021523
3021838
3022886
3024021
3024343
3024556
3025117
3025533
3026105
3026472
3026553
3027798
3028147
3028884
3029985
3030198
3030370
3031090
3031168
3031588
3032922
3033189
3034030
3036323
3036826
3037377
3038971
3040220
3040285
3040877
3041432
3041871
3042024
3044829
3046241
3046886
3047263
3047858
3047955
3048342
3048579
3048912
3050514
3051182
3051538
3052935
3052941
3053442
3053737
3056767
3057256
3057998
3058271
3059287
3061355
3061703
3063982
3064403
3064606
3064689
3065122
3065129
3065597
3065711
3065814
3065891
3067039
3067575
3068497
3069167
3069561
3070325
3070632
3071308
3072162
3073679
3073715
3073808
3073868
3074442
3075639
3075939
3079112
3080795
3081599
3083351
3083760
3084195
3085536
3085969
3086731
3086739
3086788
3088339
3089488
3089878
3093679
3093745
3093917
3094674
3094860
3095997
3096532
3098281
3098542
3100017
3102253
3102353
3102509
3102534
3103417
3103464
3103682
3104189
3104394
3105006
3105160
3106085
3106617
3107330
3107709
3108350
3109168
3109512
3109543
3110140
3110406
3111476
3112594
3112816
3112877
3113872
3114142
3115074
3115384
3115397
3116195
3116598
3116687
3119454
3121880
3127931
3127932
3128345
3130354
3130938
3131473
3131572
3131960
3132485
3132589
3133447
3133536
3134017
3134653
3134670
3134870
3135606
3135912
3136125
3136335
3137058
3137447
3137736
3140239
3140731
3141585
3141737
3142701
3142727
3144623
3145175
3146665
3146692
3146787
3148446
3150049
3150408
3152636
3155477
3155951
3157364
3158805
3159305
3159547
3160356
3161688
3161858
3161998
3162021
3164185
3165636
3166086
3166566
3166718
3169335
3169647
3170559
3170753
3173075
3173283
3173920
3174496
3176631
3177361
3177452
3177660
3177673
3177829
3177884
3179219
3180669
3180988
3181479
3181980
3185628
3185877
3185963
3186860
3186907
3187987
3189060
3189242
3189826
3189926
3193202
3193520
3194108
3195571
3195636
3196126
3196390
3197045
3197443
3198009
3198806
3200282
3200334
3203157
3204720
3205316
3205504
3205943
3207349
3207608
3207899
3209091
3209156
3210815
3214077
3214869
3216553
3217838
3217905
3218514
3218997
3219624
3220129
3220883
3221352
3221813
3223646
3223698
3223877
3226181
3228143
3228926
3230242
3230340
3231775
3232036
3232441
3232664
3232703
3232759
3235697
3236860
3237361
3237717
3238017
3239373
3240694
3240712
3240792
3240947
3242540
3242617
3243470
3243592
3243882
3244554
3245205
3245271
3245345
3245559
3245647
3245663
3245756
3246893
3247316
3247851
3247853
3247856
3247874
3247877
3247883
3248074
3248075
3248226
3248893
3249025
3250251
3253098
3253411
3255828
3255840
3256494
3257649
3257758
3257937
3260424
3261279
3264580
3266030
3266415
3266667
3266748
3266769
3267899
3268041
3268660
3268946
3269581
3270784
3270790
3273107
3273275
3274964
3275271
3275627
3276545
3276703
3277943
3279094
3279121
3279413
3279908
3280922
3281289
3281541
3281726
3283937
3284640
3284855
3285483
3285623
3286458
3287430
3290685
3290823
3291287
3292032
3293470
3293725
3293978
3294897
3295576
3296667
3296843
3296891
3297054
3297245
3297422
3297772
3298532
3299852
3299976
3300005
3300126
3300168
3300461
3300658
3300808
3300954
3301282
3301364
3301648
3301698
3301813
3302485
3302953
3302980
3303785
3304104
3304966
3305380
3305978
3306250
3306795
3307046
3307047
3307888
3308606
3308850
3308851
3310052
3310174
3310427
3310626
3310855
3310929
3311372
3311421
3311469
3312401
3312494
3312805
3314412
3315214
3315700
3315747
3315777
3316377
3316404
3316799
3316955
3319014
3320083
3320555
3323839
3325050
3326554
3327316
3327791
3328578
3329910
3329997
3331905
3331983
3332110
3333373
3335173
3335324
3335708
3336359
3336587
3336646
3336825
3336875
3338147
3338603
3338820
3339682
3342902
3343442
3345293
3349001
3349984
3351327
3352064
3352446
3352932
3355057
3356135
3356203
3357617
3357656
3358235
3359073
3359089
3359193
3362266
3362933
3363195
3363338
3364071
3365184
3365187
3365617
3366095
3366266
3366267
3367075
3367724
3367765
3368380
3368739
3371897
3373357
3373397
3373860
3375165
3375807
3381156
3383092
3385414
3386790
3387863
3388166
3389440
3389792
3390056
3391623
3392104
3392649
3392830
3396255
3397061
3399486
3399725
3401871
3401939
3402816
3403595
3404376
3405338
3405808
3406365
3407709
3408150
3408521
3409461
3411179
3412611
3413574
3415757
3417707
3418246
3418386
3418638
3418736
3419303
3420825
3421862
3424618
3425089
3425619
3425854
3426415
3427159
3428183
3428453
3428812
3428917
3430006
3430110
3430192
3430666
3432415
3432824
3432845
3433932
3434495
3434697
3435259
3436142
3436335
3436579
3436678
3437020
3438664
3439387
3440464
3440468
3441939
3442365
3442375
3443266
3445983
3446699
3447293
3447873
3448612
3449732
3450705
3450725
3451178
3451386
3451440
3452098
3453792
3453858
3454263
3454997
3455686
3456666
3461305
3462135
3462378
3462822
3466426
3466919
3467389
3467465
3468370
3469272
3469896
3469938
3470124
3470377
3472096
3472158
3473369
3474198
3476350
3477942
3478150
3478296
3478654
3479259
3479299
3479545
3479636
3480474
3480789
3482717
3482829
3483825
3484126
3485068
3485231
3485492
3485712
3486977
3487108
3487789
3489057
3490438
3492531
3497859
3497886
3498198
3498450
3499134
3499430
3500149
3500243
3501323
3503895
3505300
3506583
3506601
3506782
3507678
3508970
3509626
3511820
3513538
3514512
3518167
3518392
3518555
3519774
3520045
3521253
3521333
3522082
3522461
3523742
3523753
3524208
3524836
3525071
3526873
3529355
3530010
3530309
3530955
3531174
3533533
3534659
3535572
3537980
3538141
3538440
3538993
3539440
3540882
3541204
3541266
3542049
3542141
3542219
3542320
3542634
3542827
3542896
3543031
3544581
3544794
3545401
3547047
3547674
3548210
3548322
3548984
3550092
3550252
3550347
3550789
3551088
3554946
3554952
3556275
3556805
3557027
3557244
3558518
3560046
3560122
3560132
3560415
3562775
3563528
3564953
3565621
3566107
3568759
3568795
3569220
3569508
3569759
3570220
3570528
3570863
3570896
3571375
3571793
3571828
3573826
3574017
3575452
3575606
3575931
3576231
3576244
3576404
3577217
3577497
3578952
3580754
3581414
3581462
3581476
3581967
3583356
3583511
3583543
3585186
3587200
3587446
3587620
3589371
3590565
3590775
3591063
3591280
3592403
3592580
3594911
3595598
3596013
3597249
3597879
3600329
3600576
3600807
3600862
3600918
3601456
3601847
3603638
3604213
3604821
3607008
3608359
3609388
3609819
3610335
3612789
3612813
3613340
3613709
3614532
3614982
3615888
3616641
3616801
3620849
3621423
3621984
3622441
3622739
3623495
3623912
3624456
3625065
3626562
3628019
3628520
3632196
3632517
3634871
3638093
3639132
3639382
3639830
3640211
3640217
3640879
3640942
3641846
3642842
3643082
3643094
3643318
3643985
3646638
3649553
3649622
3650539
3651350
3652249
3652422
3652806
3652985
3653936
3653988
3655671
3655719
3656103
3657401
3657759
3657865
3658432
3658688
3658753
3658860
3658973
3660750
3660862
3661445
3661580
3663476
3663523
3663790
3663791
3663792
3663793
3664354
3664358
3664457
3665573
3665753
3665839
3670040
3670070
3670198
3670484
3671713
3673448
3673515
3674012
3674138
3674157
3675504
3675617
3677758
3678249
3679062
3679378
3680932
3681351
3681548
3683646
3683721
3684319
3684649
3686346
3687094
3689523
3690016
3691303
3693120
3693667
3693668
3693681
3693814
3695557
3696649
3697016
3698210
3698817
3701033
3701876
3702196
3703798
3704596
3704770
3707866
3708327
3708356
3709271
3709472
3709528
3709550
3710382
3710386
3714211
3714569
3714757
3714809
3715631
3715632
3715973
3716840
3717912
3718357
3721174
3721806
3722702
3722725
3723311
3723401
3724042
3729168
3743656
3753289
3767608
3767850
3769765
3770743
3770939
3773590
3773847
3775409
3775441
3776538
3777389
3778011
3778012
3778221
3778396
3780670
3781652
3783714
3784478
3785898
3785971
3786206
3786445
3787027
3787507
3789559
3789601
3790399
3790523
3790852
3790961
3791671
3792416
3792568
3792765
3793057
3793893
3793923
3794767
3796903
3797569
3798062
3798092
3798095
3798261
3798596
3799069
3799436
3799523
3804117
3804299
3804862
3804883
3805169
3805452
3805629
3806818
3807416
3807966
3808654
3809355
3811672
3811675
3812654
3813266
3815477
3816078
3816125
3816177
3816296
3816369
3817117
3818627
3818638
3818892
3818904
3819251
3820365
3820407
3820486
3820505
3820508
3820545
3820812
3821620
3821711
3821845
3822500
3822981
3823159
3823194
3823401
3823659
3825324
3825993
3826501
3826684
3829203
3829528
3829770
3830349
3830695
3831621
3832296
3832994
3834317
3834486
3834836
3836274
3836739
3838538
3838591
3838871
3839840
3839871
3840259
3840655
3841562
3841790
3842772
3844733
3845986
3846791
3846857
3846860
3851887
3851888
3852530
3853284
3853490
3853555
3853663
3853721
3853726
3854725
3855951
3857226
3857683
3858244
3858263
3858323
3859345
3859614
3859893
3862241
3862553
3862601
3862931
3863138
3863389
3863390
3863681
3863896
3863930
3864167
3864668
3864995
3865075
3865243
3865686
3868323
3868372
3868586
3868668
3868748
3869444
3869537
3870010
3871246
3871353
3871408
3872538
3874103
3874206
3874862
3874865
3875474
3875678
3876035
3876244
3877238
3877421
3878417
3878639
3879686
3881978
3882600
3883178
3883500
3883626
3883690
3883707
3883711
3883796
3883797
3883845
3883915
3884731
3884734
3884748
3884906
3885011
3885438
3885629
3885886
3887552
3888103
3888193
3888447
3892131
3892133
3892671
3893480
3893754
3893760
3893854
3894015
3895727
3895785
3896340
3897155
3898295
3898408
3899672
3900856
3901186
3901234
3904231
3904971
3905076
3905767
3906311
3907414
3908465
3908738
3909235
3909820
3909821
3910151
3912754
3914154
3914862
3915767
3916386
3916884
3917339
3918209
3918916
3921013
3923033
3924164
3925004
3925675
3925916
3926363
3930958
3937107
3937640
3945524
3951367
3951529
3952308
3952776
3952800
3955626
3955947
3956308
3957842
3958086
3958403
3958918
3959418
3959730
3960213
3960282
3960979
3961123
3961779
3962187
3962245
3963393
3964518
3965136
3965288
3966055
3967004
3968006
3969112
3969134
3969138
3969183
3970594
3970636
3974591
3975331
3975675
3976595
3977226
3977885
3977895
3979880
3979990
3981983
3982279
3982491
3982790
3983039
3983511
3983542
3983676
3984321
3984792
3985212
3985254
3985337
3985423
3985929
3985937
3986033
3986129
3986987
3987050
3987056
3987084
3987111
3987180
3987287
3987520
3987747
3989051
3989284
3991389
3992037
3992783
3993058
3994232
3995293
3996029
3996576
3996626
3997899
3999710
4000161
4000561
4001337
4001622
4002941
4003296
4003619
4004309
4005114
4005607
4007907
4008303
4008747
4008835
4009818
4011617
4012351
4012990
4013010
4013230
4014473
4015101
4015697
4016212
4016353
4017448
4018518
4018615
4018740
4019121
4019856
4021269
4022388
4023346
4024083
4024273
4024520
4024755
4026899
4028616
4028752
4029175
4033569
4033577
4034226
4034827
4035791
4036092
4036208
4038396
4039183
4039592
4039896
4040561
4040976
4041322
4041581
4042950
4043216
4046007
4046595
4050811
4051564
4052604
4053050
4053161
4053747
4055426
4055801
4055809
4056416
4056685
4056693
4056926
4057621
4058288
4058638
4058762
4059143
4059904
4060100
4060201
4060210
4060230
4060588
4061892
4062329
4062398
4062976
4063070
4063349
4064589
4064855
4066506
4066891
4067394
4067682
4068183
4068468
4069292
4069757
4070225
4072781
4074346
4075177
4075422
4076200
4077759
4078056
4080525
4081002
4081700
4082979
4083280
4084136
4084154
4084344
4084678
4085751
4087376
4087420
4087972
4088337
4088428
4088497
4088773
4089058
4089480
4089798
4090571
4090823
4091160
4091731
4092158
4092237
4092510
4092789
4093341
4093491
4094535
4095069
4095295
4096333
4096402
4096608
4096857
4097763
4100782
4100975
4101198
4101209
4101532
4101817
4103291
4104877
4107074
4107517
4108394
4109342
4109424
4110293
4111018
4111303
4112429
4114749
4114795
4115307
4115890
4116205
4116610
4117974
4118371
4118844
4119582
4119854
4120390
4120926
4120983
4121054
4121112
4121411
4121674
4122158
4122287
4122387
4123770
4123804
4123836
4124243
4124321
4124746
4125058
4126961
4127418
4127700
4128681
4129882
4130664
4130665
4130676
4130795
4131585
4131858
4132527
4133010
4133316
4136558
4137059
4137219
4137829
4138178
4138205
4139947
4141104
4141194
4142761
4142886
4143453
4145405
4145737
4146047
4146082
4146782
4147033
4149461
4149940
4150819
4151450
4151558
4151855
4153340
4154447
4154910
4155589
4155911
4156099
4156503
4156686
4157042
4158493
4159195
4159391
4159644
4160371
4160414
4161106
4161437
4161798
4162339
4162684
4162879
4163365
4164299
4165589
4166249
4166441
4167559
4167656
4167834
4168453
4168560
4169852
4170082
4170739
4170752
4172664
4172687
4172695
4174131
4175305
4175847
4176081
4176260
4177453
4177795
4177804
4178720
4179089
4179452
4179832
4179930
4180839
4181750
4182387
4182526
4182695
4185408
4185547
4186535
4186678
4187485
4187817
4189210
4191115
4191582
4193344
4193955
4194501
4195074
4195246
4196637
4196790
4196791
4204168
4204263
4204441
4205084
4205120
4205325
4206182
4206897
4207815
4208349
4208685
4208747
4209922
4210274
4211221
4211947
4212444
4213129
4214185
4214427
4214599
4214988
4215216
4215433
4215484
4215793
4216478
4216783
4217557
4218195
4218416
4218941
4219219
4220356
4221086
4221423
4221490
4221544
4221559
4221565
4221586
4221591
4221609
4221619
4222073
4222293
4222433
4222636
4222882
4223172
4224185
4224751
4224756
4225154
4226962
4227336
4228988
4229087
4229167
4229218
4230358
4230985
4231733
4231865
4232175
4232261
4232303
4233270
4233524
4234960
4235021
4235450
4235607
4236237
4237096
4237517
4237707
4237971
4238110
4238120
4238142
4238444
4238675
4238778
4238963
4239298
4239843
4240153
4240671
4240897
4240923
4241042
4241078
4241562
4241979
4242075
4242643
4242803
4242883
4242970
4243217
4243221
4243225
4243242
4243245
4243346
4243377
4243460
4243598
4243690
4243833
4243848
4244193
4244281
4244420
4244617
4245055
4245730
4245969
4246088
4246508
4246567
4246688
4246734
4246864
4246930
4247399
4247402
4247429
4247430
4247431
4247469
4247495
4247496
4247507
4247513
4247573
4247590
4247646
4247717
4247723
4247729
4247730
4247815
4247863
4247872
4247873
4248002
4248003
4248073
4248115
4248195
4248206
4248439
4248747
4249012
4249518
4249732
4249757
4251297
4251774
4251777
4252066
4252333
4254431
4254477
4255073
4255173
4255922
4256210
4256407
4256629
4257085
4257220
4257376
4257934
4257964
4258106
4258229
4260268
4260414
4261240
4261911
4261924
4262338
4262388
4264815
4264861
4266885
4266937
4266983
4267327
4267647
4268928
4269351
4269375
4271766
4272480
4272496
4273806
4273829
4274226
4274541
4274791
4274944
4280139
4280254
4280557
4280708
4281631
4281776
4282660
4283637
4284429
4284510
4284837
4285042
4286410
4287135
4287164
4287291
4288859
4289253
4290054
4290135
4290213
4290500
4290536
4291611
4292267
4292444
4292939
4295373
4296015
4296225
4298546
4298703
4299538
4301075
4301135
4301372
4302926
4303040
4303287
4303933
4304142
4304523
4304553
4305265
4305549
4305560
4306155
4306419
4307179
4307886
4308273
4308395
4309927
4310844
4310899
4311282
4311296
4311452
4311664
4311761
4312470
4313128
4313156
4314255
4314645
4314681
4314800
4315532
4316114
4316772
4316784
4319828
4319985
4320514
4321183
4321479
4322051
4323765
4324002
4324022
4324053
4324269
4325428
4325470
4326083
4326087
4326130
4326152
4326176
4326236
4326259
4326300
4326302
4326320
4326333
4326439
4326449
4326461
4326474
4326533
4326561
4326663
4326676
4326735
4326738
4326739
4326807
4326917
4326975
4327224
4327301
4327307
4327322
4327346
4327347
4327349
4328004
4329479
4329782
4330177
4330337
4332664
4332752
4333325
4334162
4334543
4334725
4335558
4335776
4336720
4337197
4337432
4338045
4338293
4338326
4338365
4338371
4338403
4338473
4338537
4338637
4338732
4338794
4340028
4340626
4341430
4342140
4343176
4344087
4345540
4345660
4345666
4345819
4345993
4346275
4346385
4347971
4349047
4349717
4349982
4350305
4350639
4354210
4354346
4355250
4356110
4356337
4357530
4357597
4357610
4357675
4357804
4358125
4358392
4358998
4359165
4359231
4359423
4359653
4359828
4359856
4360997
4362211
4362281
4362568
4365165
4365609
4365881
4365953
4366195
4366272
4366449
4366685
4366935
4367633
4367905
4368084
4369408
4369796
4370038
4370265
4370678
4371391
4372117
4372353
4373763
4373792
4374102
4374368
4376171
4376308
4376325
4376444
4377378
4377551
4377933
4377965
4377999
4378441
4378504
4379273
4379680
4380397
4380487
4381079
4381253
4381292
4381415
4381434
4382054
4382055
4382275
4382640
4383655
4383888
4384007
4384127
4385037
4386228
4386896
4386971
4387620
4387673
4388124
4388432
4388458
4388828
4389000
4389768
4390394
4391427
4393178
4393562
4393590
4393687
4394509
4394825
4395002
4395721
4397736
4398141
4398431
4398687
4399356
4399505
4399683
4399804
4400103
4400839
4401077
4401578
4401732
4401802
4402232
4402507
4402743
4404247
4404655
4405700
4406495
4407211
4407588
4407595
4407604
4407620
4407780
4407790
4407824
4407873
4407927
4407931
4407940
4407992
4408009
4408069
4408102
4408156
4408185
4408213
4408626
4408923
4409213
4409694
4411093
